4 2 50000000.000000 0 20000000.000000 0.071260 0.143868 0.869759 46643832.000000 85.023843 0.091704 0.203056 893.177917 -70.374339 0
4 2 50000000.000000 0 20000000.000000 0.013295 0.035284 1.000000 29423400.000000 22.564187 0.096131 0.180016 113.257111 -70.374339 1
1 4 50000000.000000 0 20000000.000000 0.005345 0.007144 0.999382 81249300.000000 23.616611 0.005678 0.025592 43.573156 -67.607169 1
1 4 50000000.000000 0 20000000.000000 0.003612 0.004849 1.000000 48914880.000000 16.816143 0.004039 0.023468 23.500000 -67.607169 0
2 4 50000000.000000 0 20000000.000000 0.004995 0.007032 1.000000 48914880.000000 18.492178 0.020332 0.051201 34.537010 -70.374339 0
3 4 50000000.000000 0 20000000.000000 0.015378 0.035029 1.000000 48914880.000000 38.096779 0.092491 0.132336 161.095180 -70.374339 0
4 4 50000000.000000 0 20000000.000000 0.074273 0.154150 0.647750 36698340.000000 85.881904 0.085887 0.190334 917.042648 -70.374339 0
4 1 100000000.000000 0 20000000.000000 0.073965 0.177606 0.273824 28045320.000000 91.704611 0.090561 0.185448 968.330725 -52.890175 0
1 1 100000000.000000 0 20000000.000000 0.003446 0.004605 1.000000 97829760.000000 26.822738 0.004903 0.019787 44.010910 -52.890175 0
2 1 100000000.000000 0 20000000.000000 0.008510 0.011230 1.000000 97829760.000000 35.719751 0.084494 0.072205 92.623133 -52.890175 0
3 1 100000000.000000 0 20000000.000000 0.075587 0.148187 0.553911 59694760.000000 97.970538 0.093841 0.152640 914.430615 -70.374339 0
1 1 150000000.000000 0 20000000.000000 0.004374 0.005515 0.999431 146751600.000000 35.443520 0.006263 0.020254 62.703508 -52.890175 0
2 1 150000000.000000 0 20000000.000000 0.064577 0.123061 0.573512 111992200.000000 102.508467 0.086267 0.105791 788.154035 -70.374339 0
2 4 150000000.000000 0 20000000.000000 0.034005 0.178593 0.075867 68544400.000000 108.434549 0.080978 0.109489 941.112680 -67.607169 0
1 4 150000000.000000 0 20000000.000000 0.007672 0.009039 1.000000 146744640.000000 38.104785 0.010569 0.026264 68.226741 -67.607169 0


1 4 50000000.000000 0 20000000.000000 0.003612 0.004849 1.000000 48914880.000000 16.816143 0.004039 0.023468 23.500000 -67.607169 0
2 4 50000000.000000 0 20000000.000000 0.004995 0.007032 1.000000 48914880.000000 18.492178 0.020332 0.051201 34.537010 -70.374339 0
3 4 50000000.000000 0 20000000.000000 0.015378 0.035029 1.000000 48914880.000000 38.096779 0.092491 0.132336 161.095180 -70.374339 0
4 4 50000000.000000 0 20000000.000000 0.074273 0.154150 0.647750 36698340.000000 85.881904 0.085887 0.190334 917.042648 -70.374339 0
1 4 100000000.000000 0 20000000.000000 0.005649 0.007186 1.000000 97829760.000000 29.583794 0.006189 0.033282 47.337950 -67.607169 0
2 4 100000000.000000 0 20000000.000000 0.025262 0.052108 1.000000 97718400.000000 75.524580 0.077588 0.101275 303.142632 -67.607169 0
3 4 100000000.000000 0 20000000.000000 0.069863 0.153698 0.385911 48133040.000000 99.410824 0.091638 0.160706 956.969791 -70.374339 0
1 4 150000000.000000 0 20000000.000000 0.007672 0.009039 1.000000 146744640.000000 38.104785 0.010569 0.026264 68.226741 -67.607169 0
2 4 150000000.000000 0 20000000.000000 0.034005 0.178593 0.075867 68544400.000000 108.434549 0.080978 0.109489 941.112680 -67.607169 0
3 4 50000000.000000 0 20000000.000000 0.015378 0.035029 1.000000 48914880.000000 38.096779 0.092491 0.132336 161.095180 -70.374339 0
3 4 50000000.000000 0 20000000.000000 0.015378 0.035029 1.000000 48914880.000000 38.096779 0.092491 0.132336 161.095180 -70.374339 0
2 4 50000000.000000 0 20000000.000000 0.004995 0.007032 1.000000 48914880.000000 18.492178 0.020332 0.051201 34.537010 -70.374339 0
1 4 50000000.000000 0 20000000.000000 0.003612 0.004849 1.000000 48914880.000000 16.816143 0.004039 0.023468 23.500000 -67.607169 0
2 4 50000000.000000 0 20000000.000000 0.004995 0.007032 1.000000 48914880.000000 18.492178 0.020332 0.051201 34.537010 -70.374339 0
1 4 50000000.000000 0 0.000000 0.003612 0.004849 1.000000 48914880.000000 16.816143 0.004039 0.023468 23.500000 -67.607169 0
3 4 50000000.000000 0 0.000000 0.009479 0.018776 1.000000 48914880.000000 23.697738 0.093180 0.113119 93.990141 -67.607169 0
3 4 50000000.000000 0 0.000000 0.009479 0.018776 1.000000 48914880.000000 23.697738 0.093180 0.113119 93.990141 -67.607169 0



1 4 50000000.000000 0 0.000000 0.003612 0.004849 1.000000 48914880.000000 16.816143 0.004039 0.023468 23.500000 -67.607169 0
2 4 50000000.000000 0 0.000000 0.004228 0.006128 1.000000 48914880.000000 17.685835 0.016659 0.046537 24.499941 -67.607169 0
3 4 50000000.000000 0 0.000000 0.009479 0.018776 1.000000 48914880.000000 23.697738 0.093180 0.113119 93.990141 -67.607169 0
4 4 50000000.000000 0 0.000000 0.028172 0.065092 1.000000 48914880.000000 61.294592 0.089489 0.179012 412.353211 -67.607169 0
5 4 50000000.000000 0 0.000000 0.059113 0.123526 0.630050 33626080.000000 79.802519 0.088641 0.215833 923.185969 -67.607169 0
1 4 100000000.000000 0 0.000000 0.005649 0.007186 1.000000 97829760.000000 29.583794 0.006189 0.033282 47.337950 -67.607169 0
2 4 100000000.000000 0 0.000000 0.009707 0.015937 1.000000 97829760.000000 38.700982 0.085072 0.082261 107.834056 -67.607169 0
3 4 100000000.000000 0 0.000000 0.055197 0.103530 0.434499 68831500.000000 97.001921 0.092305 0.149056 930.834921 -67.607169 0
4 4 100000000.000000 0 0.000000 0.068478 0.130076 0.278095 36808540.000000 91.048422 0.089447 0.191691 959.832223 -67.607169 0
1 4 150000000.000000 0 0.000000 0.007672 0.009039 1.000000 146744640.000000 38.104785 0.010569 0.026264 68.226741 -67.607169 0
2 4 150000000.000000 0 0.000000 0.051882 0.103458 0.187393 107120200.000000 107.671791 0.074845 0.110737 910.454845 -67.607169 0
1 4 100000000.000000 0 0.000000 0.005444 0.007186 1.000000 83542040.000000 23.982306 0.005853 0.028834 43.740478 -67.607169 1
2 4 100000000.000000 0 0.000000 0.007455 0.015983 1.000000 83159820.000000 32.707613 0.042485 0.076196 78.172792 -67.607169 1
3 4 100000000.000000 0 0.000000 0.012733 0.031513 0.998830 58827660.000000 36.514560 0.098339 0.124720 156.714200 -67.607169 1
4 4 100000000.000000 0 0.000000 0.015704 0.060016 0.995392 32660960.000000 33.138767 0.095129 0.156731 211.326025 -67.607169 1
5 4 100000000.000000 0 0.000000 0.017575 0.055381 0.994819 28830060.000000 28.346606 0.093447 0.181462 257.430467 -67.607169 1
6 4 100000000.000000 0 0.000000 0.018587 0.058395 0.991940 16526520.000000 22.789591 0.091161 0.207289 274.956786 -67.607169 1
7 4 100000000.000000 0 0.000000 0.021775 0.061455 0.993052 15115380.000000 21.289239 0.087975 0.231903 310.418833 -67.607169 1
8 4 100000000.000000 0 0.000000 0.028766 0.083701 0.996514 15307940.000000 24.368125 0.084950 0.266942 377.151033 -67.607169 1
9 4 100000000.000000 0 0.000000 0.040464 0.110196 0.993027 10941700.000000 30.425475 0.079130 0.312112 465.322418 -67.607169 1
10 4 100000000.000000 0 0.000000 0.056619 0.147752 0.990116 10293840.000000 38.174562 0.076500 0.327007 602.981124 -67.607169 1
10 4 100000000.000000 0 0.000000 0.056619 0.147752 0.990116 10293840.000000 38.174562 0.076500 0.327007 602.981124 -67.607169 1
10 4 100000000.000000 0 0.000000 0.056619 0.147752 0.990116 10293840.000000 38.174562 0.076500 0.327007 602.981124 -67.607169 1
2 4 100000000.000000 0 0.000000 0.007455 0.015983 1.000000 83159820.000000 32.707613 0.042485 0.076196 78.172792 -67.607169 1
5 4 100000000.000000 0 0.000000 0.017575 0.055381 0.994819 28830060.000000 28.346606 0.093447 0.181462 257.430467 -67.607169 1
1 4 100000000.000000 0 0.000000 0.005444 0.007186 1.000000 83542040.000000 23.982306 0.005853 0.028834 43.740478 -67.607169 1
5 4 100000000.000000 0 0.000000 0.077901 0.139662 0.043224 21298760.000000 84.704430 0.088104 0.212458 972.970932 -67.607169 0
5 4 100000000.000000 0 0.000000 0.036448 0.072659 0.008696 35193820.000000 84.486720 0.090143 0.216221 975.032724 -67.607169 0
5 1 100000000.000000 0 0.000000 0.013882 0.034921 0.998287 55273420.000000 39.655714 0.096194 0.158766 275.281095 -52.890175 1
1 4 100000000.000000 0 0.000000 0.005444 0.007186 1.000000 83542040.000000 23.982306 0.005853 0.028834 43.740478 -67.607169 1
1 4 100000000.000000 0 0.000000 0.005628 0.007070 0.999401 89434840.000000 24.837277 0.006320 0.026977 44.300835 -67.607169 1
1 4 100000000.000000 0 0.000000 0.005694 0.007241 1.000000 89507340.000000 24.862938 0.006338 0.027887 44.783169 -67.607169 1
1 4 100000000.000000 0 0.000000 0.005671 0.007328 0.999396 89195300.000000 24.624604 0.006376 0.027046 44.646841 -67.607169 1
1 4 100000000.000000 0 0.000000 0.005735 0.007260 0.999394 90118080.000000 24.692682 0.006482 0.030349 44.952805 -67.607169 1
1 4 100000000.000000 0 0.000000 0.005508 0.007099 1.000000 85188660.000000 24.086507 0.006053 0.031040 43.402943 -67.607169 1
1 4 100000000.000000 0 0.000000 0.005646 0.007335 1.000000 88927920.000000 24.522233 0.006329 0.024835 44.609643 -67.607169 1
1 4 100000000.000000 0 0.000000 0.005653 0.007096 1.000000 87214020.000000 24.476128 0.006174 0.027766 44.428712 -67.607169 1
1 4 100000000.000000 0 0.000000 0.005455 0.007194 0.999375 81433160.000000 23.663182 0.005725 0.027978 43.041596 -67.607169 1
1 4 100000000.000000 0 0.000000 0.005679 0.007137 0.999396 89891880.000000 24.823402 0.006392 0.029811 44.764927 -67.607169 1
1 1 100000000.000000 0 0.000000 0.003522 0.004968 0.999400 91051880.000000 24.083494 0.005017 0.026072 44.092097 -52.890175 1
1 1 100000000.000000 1 50000000.000000 0.003905 0.006739 1.000000 88651260.000000 10.331862 0.102843 0.020417 40.575485 -52.890175 1
1 1 100000000.000000 1 50000000.000000 0.005579 0.012355 1.000000 88124620.000000 30.698690 0.028475 0.135033 45.247560 -70.374339 1
1 1 100000000.000000 1 50000000.000000 0.011529 0.033092 1.000000 72080660.000000 25.888727 0.099475 0.149833 77.837568 -70.374339 1
1 1 100000000.000000 1 2 50000000.000000 0.011529 0.033092 1.000000 72080660.000000 25.888727 0.099475 0.149833 77.837568 -70.374339 1
1 1 100000000.000000 1 1 50000000.000000 0.005579 0.012355 1.000000 88124620.000000 30.698690 0.028475 0.135033 45.247560 -70.374339 1
4 4 50000000.000000 0 2 0.000000 0.028172 0.065092 1.000000 48914880.000000 61.294592 0.089489 0.179012 412.353211 -67.607169 0
1 4 50000000.000000 0 2 0.000000 0.003612 0.004849 1.000000 48914880.000000 16.816143 0.004039 0.023468 23.500000 -67.607169 0
2 4 50000000.000000 0 2 0.000000 0.004228 0.006128 1.000000 48914880.000000 17.685835 0.016659 0.046537 24.499941 -67.607169 0
1 4 50000000.000000 1 2 0.000000 0.003617 0.004863 1.000000 48914880.000000 16.773622 0.004046 0.022389 23.500000 -67.607169 0
1 4 50000000.000000 1 1 0.000000 0.003617 0.004863 1.000000 48914880.000000 16.773622 0.004046 0.022389 23.500000 -67.607169 0
1 4 50000000.000000 1 0 0.000000 0.003617 0.004863 1.000000 48914880.000000 16.773622 0.004046 0.022389 23.500000 -67.607169 0
1 4 50000000.000000 1 2 100000000.000000 0.137789 0.301502 0.832198 41942700.000000 100.032981 0.096318 0.160993 870.070395 -70.374339 0
5 4 50000000.000000 1 0 0.000000 0.058238 0.123625 0.612045 33754840.000000 80.156104 0.086397 0.217474 922.678926 -67.607169 0
5 4 50000000.000000 1 0 0.000000 0.017836 0.045341 1.000000 26961880.000000 29.472939 0.094328 0.184477 192.752770 -67.607169 1
1 1 100000000.000000 1 1 50000000.000000 0.005541 0.011264 1.000000 100056960.000000 31.662866 0.032487 0.126336 46.508770 -70.374339 0
1 1 100000000.000000 1 1 50000000.000000 0.005588 0.011092 1.000000 100056960.000000 31.326304 0.032739 0.126268 46.615099 -70.374339 1
1 1 100000000.000000 1 1 50000000.000000 0.005457 0.010240 1.000000 98553600.000000 31.069307 0.032853 0.125541 46.325388 -70.374339 1
1 1 100000000.000000 1 1 50000000.000000 0.005457 0.010240 1.000000 98553600.000000 31.069307 0.032853 0.125541 46.325388 -70.374339 1
1 1 100000000.000000 1 1 50000000.000000 0.005457 0.010240 1.000000 98553600.000000 31.069307 0.032853 0.125541 46.325388 -70.374339 1
1 1 100000000.000000 1 1 50000000.000000 0.005457 0.010240 1.000000 98553600.000000 31.069307 0.032853 0.125541 46.325388 -70.374339 1
1 1 100000000.000000 1 1 50000000.000000 0.005457 0.010240 1.000000 98553600.000000 31.069307 0.032853 0.125541 46.325388 -70.374339 1
1 1 100000000.000000 1 1 50000000.000000 0.005457 0.010240 1.000000 98553600.000000 31.069307 0.032853 0.125541 46.325388 -70.374339 1
1 1 100000000.000000 1 1 50000000.000000 0.005457 0.010240 1.000000 98553600.000000 31.069307 0.032853 0.125541 46.325388 -70.374339 1
1 1 100000000.000000 1 1 50000000.000000 0.005457 0.010240 1.000000 98553600.000000 31.069307 0.032853 0.125541 46.325388 -70.374339 1
1 1 100000000.000000 1 1 50000000.000000 0.005457 0.010240 1.000000 98553600.000000 31.069307 0.032853 0.125541 46.325388 -70.374339 1
1 1 10000000.000000 1 1 50000000.000000 0.002176 0.006621 1.000000 10266000.000000 6.102167 0.013163 0.122283 4.500000 -70.374339 1
1 1 100000000.000000 1 1 50000000.000000 0.005457 0.010240 1.000000 98553600.000000 31.069307 0.032853 0.125541 46.325388 -70.374339 1
1 1 100000000.000000 1 1 50000000.000000 0.005457 0.010240 1.000000 98553600.000000 31.069307 0.032853 0.125541 46.325388 -70.374339 1
1 1 10000000.000000 1 1 50000000.000000 0.002176 0.006621 1.000000 10266000.000000 6.102167 0.013163 0.122283 4.500000 -70.374339 1
1 1 10000000.000000 1 1 50000000.000000 0.002176 0.006621 1.000000 10266000.000000 6.102167 0.013163 0.122283 4.500000 -70.374339 1
1 1 10000000.000000 1 1 50000000.000000 0.002264 0.006940 1.000000 10405200.000000 6.077017 0.013526 0.127932 4.501115 -70.374339 1
1 1 10000000.000000 1 1 50000000.000000 0.002282 0.006856 1.000000 10428400.000000 6.068016 0.013569 0.123803 4.501112 -70.374339 1
2 1 10000000.000000 1 1 50000000.000000 0.002942 0.009929 1.000000 10428400.000000 6.097581 0.037542 0.167630 4.846117 -70.374339 1
4 1 10000000.000000 1 1 50000000.000000 0.011609 0.040360 1.000000 10428400.000000 8.791181 0.084153 0.223609 33.270263 -70.374339 1
8 1 10000000.000000 1 1 50000000.000000 0.055186 0.289223 0.999233 10075373.333333 29.771417 0.068907 0.317039 357.350370 -52.890175 1
1 1 10000000.000000 0 1 50000000.000000 0.001237 0.002404 1.000000 10428400.000000 4.872621 0.002321 0.011577 4.500000 -52.890175 1
1 1 10000000.000000 1 1 150000000.000000 0.006466 0.023552 0.999629 10428013.333333 6.859625 0.047417 0.157225 5.023211 -70.374339 1
1 1 10000000.000000 1 1 450000000.000000 0.009849 0.046509 1.000000 10428400.000000 7.856319 0.057872 0.169967 6.690137 -52.890175 1
1 1 10000000.000000 1 1 650000000.000000 0.011963 0.104872 1.000000 10428400.000000 8.057005 0.058025 0.175936 8.367668 -70.374339 1
1 1 10000000.000000 1 2 650000000.000000 2.423604 5.234305 0.818548 1747733.333333 125.187919 0.097792 0.163121 988.528269 -70.374339 1
1 1 10000000.000000 1 1 650000000.000000 0.011963 0.104872 1.000000 10428400.000000 8.057005 0.058025 0.175936 8.367668 -70.374339 1
1 1 10000000.000000 1 0 650000000.000000 1.654524 3.460274 0.827500 2835040.000000 121.055880 0.109286 0.068353 982.970324 -52.890175 1
10 1 10000000.000000 1 0 650000000.000000 0.310829 0.672157 0.719512 1612786.666667 90.914979 0.074011 0.338923 989.173927 -52.890175 1
10 1 10000000.000000 1 0 650000000.000000 0.317317 0.694115 0.766667 1627480.000000 90.134961 0.074100 0.343340 989.265271 -52.890175 1
10 1 10000000.000000 1 0 650000000.000000 0.297839 0.694115 0.827586 2037733.333333 94.440000 0.079906 0.336283 985.678533 -52.890175 1
10 1 10000000.000000 1 0 650000000.000000 0.292872 0.687303 0.805882 1785240.000000 91.588704 0.075241 0.335247 988.349924 -52.890175 1
1 1 10000000.000000 1 0 650000000.000000 1.715937 3.469965 0.793103 2137880.000000 122.831399 0.112007 0.057235 982.135673 -52.890175 1
1 1 10000000.000000 1 0 850000000.000000 2.193292 4.463404 0.742718 2129760.000000 120.042197 0.110159 0.062735 986.502203 -52.890175 1
1 1 10000000.000000 1 0 850000000.000000 2.193292 4.463404 0.742718 2129760.000000 120.042197 0.110159 0.062735 986.502203 -52.890175 1
1 1 10000000.000000 0 0 850000000.000000 0.001250 0.002558 1.000000 10405200.000000 4.814403 0.002340 0.010048 4.500000 -52.890175 1
1 1 10000000.000000 0 0 850000000.000000 0.001250 0.002558 1.000000 10405200.000000 4.814403 0.002340 0.010048 4.500000 -52.890175 1
6 1 10000000.000000 0 0 850000000.000000 0.008885 0.019665 1.000000 10405200.000000 7.498731 0.089699 0.171921 39.428582 -52.890175 1
1 1 10000000.000000 0 0 850000000.000000 0.001250 0.002558 1.000000 10405200.000000 4.814403 0.002340 0.010048 4.500000 -52.890175 1
5 1 10000000.000000 0 0 850000000.000000 0.006457 0.011241 0.998885 10404040.000000 6.219887 0.052414 0.121128 18.416862 -52.890175 1
8 1 10000000.000000 0 0 850000000.000000 0.016854 0.041032 1.000000 10382000.000000 13.833744 0.086248 0.239250 112.769905 -52.890175 1
8 1 10000000.000000 0 0 850000000.000000 0.016854 0.041032 1.000000 10382000.000000 13.833744 0.086248 0.239250 112.769905 -52.890175 1
8 1 10000000.000000 0 0 850000000.000000 0.016854 0.041032 1.000000 10382000.000000 13.833744 0.086248 0.239250 112.769905 -52.890175 1
8 1 10000000.000000 0 0 850000000.000000 0.016854 0.041032 1.000000 10382000.000000 13.833744 0.086248 0.239250 112.769905 -52.890175 1
1 1 10000000.000000 0 0 850000000.000000 0.001250 0.002558 1.000000 10405200.000000 4.814403 0.002340 0.010048 4.500000 -52.890175 1
4 1 10000000.000000 0 0 850000000.000000 0.004273 0.007503 1.000000 10405200.000000 6.009741 0.020525 0.082274 12.149592 -52.890175 1
4 1 10000000.000000 0 0 850000000.000000 0.004273 0.007503 1.000000 10405200.000000 6.009741 0.020525 0.082274 12.149592 -52.890175 1
4 1 10000000.000000 0 0 850000000.000000 0.004273 0.007503 1.000000 10405200.000000 6.009741 0.020525 0.082274 12.149592 -52.890175 1
1 1 10000000.000000 1 0 850000000.000000 2.193292 4.463404 0.742718 2129760.000000 120.042197 0.110159 0.062735 986.502203 -52.890175 1
1 1 10000000.000000 1 0 350000000.000000 0.972859 1.939438 0.878244 5485640.000000 113.937500 0.109384 0.065448 963.946286 -52.890175 1
1 1 10000000.000000 1 0 50000000.000000 0.001919 0.004449 1.000000 10405200.000000 3.969526 0.099174 0.022225 6.678421 -52.890175 1
1 1 10000000.000000 1 0 50000000.000000 0.001919 0.004449 1.000000 10405200.000000 3.969526 0.099174 0.022225 6.678421 -52.890175 1
1 1 10000000.000000 1 0 50000000.000000 0.001954 0.004854 1.000000 10428400.000000 3.829765 0.098445 0.017351 6.492772 -52.890175 1
1 1 10000000.000000 1 0 50000000.000000 0.001954 0.004854 1.000000 10428400.000000 3.829765 0.098445 0.017351 6.492772 -52.890175 1
1 1 10000000.000000 0 0 50000000.000000 0.001278 0.002724 1.000000 10428400.000000 4.814512 0.002343 0.016076 4.500000 -52.890175 1
1 1 10000000.000000 0 0 50000000.000000 0.001279 0.002726 1.000000 10434200.000000 4.811914 0.002341 0.015141 4.500000 -52.890175 1
1 1 10000000.000000 0 0 50000000.000000 0.001264 0.002724 1.000000 10437100.000000 4.849721 0.002317 0.015300 4.500000 -52.890175 1
1 1 10000000.000000 1 0 50000000.000000 0.001951 0.004776 1.000000 10437100.000000 3.836220 0.098549 0.017105 6.501936 -52.890175 1
1 1 10000000.000000 1 0 50000000.000000 0.001951 0.004776 1.000000 10437100.000000 3.836220 0.098549 0.017105 6.501936 -52.890175 1
1 1 10000000.000000 0 0 50000000.000000 0.001264 0.002724 1.000000 10437100.000000 4.849721 0.002317 0.015300 4.500000 -52.890175 1
1 1 10000000.000000 0 0 50000000.000000 0.001264 0.002724 1.000000 10437100.000000 4.849721 0.002317 0.015300 4.500000 -52.890175 1
1 1 10000000.000000 1 0 100000000.000000 0.004314 0.015163 1.000000 10437100.000000 10.591226 0.114370 0.026900 19.393552 -52.890175 1
1 1 10000000.000000 1 0 150000000.000000 0.037519 0.161589 1.000000 10434200.000000 31.642710 0.112748 0.043368 80.343296 -52.890175 1
1 1 10000000.000000 1 0 150000000.000000 0.037519 0.161589 1.000000 10434200.000000 31.642710 0.112748 0.043368 80.343296 -52.890175 1
1 1 10000000.000000 1 0 150000000.000000 0.037519 0.161589 1.000000 10434200.000000 31.642710 0.112748 0.043368 80.343296 -52.890175 1
1 1 10000000.000000 1 0 150000000.000000 0.037519 0.161589 1.000000 10434200.000000 31.642710 0.112748 0.043368 80.343296 -52.890175 1
1 1 10000000.000000 1 0 150000000.000000 0.034522 0.147635 1.000000 10434200.000000 31.114166 0.113289 0.044167 77.030851 -52.890175 0
1 1 10000000.000000 1 0 150000000.000000 0.037519 0.161589 1.000000 10434200.000000 31.642710 0.112748 0.043368 80.343296 -52.890175 1
1 1 100000000.000000 10 2 12000.000000 0.015822 0.038830 1.000000 99734016.000000 17.713483 0.091400 0.204323 120.152397 -70.374339 150
1 1 10000000.000000 1 0 150000000.000000 0.037519 0.161589 1.000000 10434200.000000 31.642710 0.112748 0.043368 80.343296 -52.890175 1
1 1 10000000.000000 1 0 150000000.000000 0.037519 0.161589 1.000000 10434200.000000 31.642710 0.112748 0.043368 80.343296 -52.890175 1
1 1 10000000.000000 1 0 150000000.000000 0.037519 0.161589 1.000000 10434200.000000 31.642710 0.112748 0.043368 80.343296 -52.890175 1
1 1 10000000.000000 1 0 150000000.000000 0.037519 0.161589 1.000000 10434200.000000 31.642710 0.112748 0.043368 80.343296 -52.890175 1
1 1 10000000.000000 1 0 150000000.000000 0.034756 0.147189 1.000000 10425500.000000 31.412292 0.111738 0.045818 77.773124 -52.890175 1
1 1 10000000.000000 1 0 150000000.000000 0.034756 0.147189 1.000000 10425500.000000 31.412292 0.111738 0.045818 77.773124 -52.890175 1
1 1 10000000.000000 1 0 150000000.000000 0.048267 0.150607 1.000000 37613000.000000 42.432809 0.111496 0.050000 228.722266 -52.890175 1
1 1 10000000.000000 1 0 250000000.000000 0.313403 0.686135 0.392638 39213800.000000 102.734015 0.110228 0.057692 897.821114 -52.890175 1
1 1 10000000.000000 1 0 250000000.000000 0.157898 0.641691 0.273908 52749260.000000 97.959231 0.112613 0.060119 912.645826 -52.890175 1
1 1 10000000.000000 1 0 20000000.000000 0.003599 0.005199 0.999444 92234500.000000 8.484643 0.045276 0.016260 39.276816 -52.890175 1
1 1 10000000.000000 1 0 20000000.000000 0.003599 0.005199 0.999444 92234500.000000 8.484643 0.045276 0.016260 39.276816 -52.890175 1
1 1 10000000.000000 1 0 20000000.000000 0.003599 0.005199 0.999444 92234500.000000 8.484643 0.045276 0.016260 39.276816 -52.890175 1
1 1 10000000.000000 1 0 20000000.000000 0.003599 0.005199 0.999444 92234500.000000 8.484643 0.045276 0.016260 39.276816 -52.890175 1
1 1 100000000.000000 1 0 30000000.000000 0.003702 0.005402 1.000000 92985600.000000 8.686325 0.070212 0.018205 38.578564 -52.890175 1
1 1 100000000.000000 1 0 50000000.000000 0.003881 0.006382 0.999444 92935140.000000 10.678689 0.103076 0.020507 39.274861 -52.890175 1
1 1 100000000.000000 1 0 50000000.000000 0.003881 0.006382 0.999444 92935140.000000 10.678689 0.103076 0.020507 39.274861 -52.890175 1
1 1 100000000.000000 1 0 100000000.000000 0.007353 0.020511 0.999444 92719380.000000 24.001058 0.112930 0.034830 71.446838 -52.890175 1
1 1 100000000.000000 1 0 200000000.000000 0.103558 0.187217 0.487696 71511680.000000 93.648499 0.110983 0.064516 838.431597 -52.890175 1
1 1 100000000.000000 1 0 100000000.000000 0.007283 0.019532 1.000000 93121320.000000 23.994720 0.114256 0.032746 71.246265 -52.890175 1
1 1 100000000.000000 1 0 100000000.000000 0.007283 0.019532 1.000000 93121320.000000 23.994720 0.114256 0.032746 71.246265 -52.890175 1
1 1 100000000.000000 1 0 100000000.000000 0.005450 0.017860 1.000000 42529660.000000 15.047584 0.113149 0.032017 41.377631 -52.890175 1
1 1 100000000.000000 1 0 20000000.000000 0.002203 0.004448 1.000000 35308660.000000 3.995111 0.039556 0.013712 19.058472 -52.890175 1
1 1 100000000.000000 1 0 20000000.000000 0.002203 0.004448 1.000000 35308660.000000 3.995111 0.039556 0.013712 19.058472 -52.890175 1
1 1 10000000.000000 1 0 20000000.000000 0.001562 0.003528 1.000000 14210580.000000 2.433826 0.037903 0.014464 6.125942 -52.890175 1
1 1 10000000.000000 1 0 20000000.000000 0.001562 0.003528 1.000000 14210580.000000 2.433826 0.037903 0.014464 6.125942 -52.890175 1
1 1 10000000.000000 1 0 20000000.000000 0.001562 0.003528 1.000000 14210580.000000 2.433826 0.037903 0.014464 6.125942 -52.890175 1
1 1 10000000.000000 1 0 150000000.000000 0.037870 0.167463 1.000000 12081400.000000 32.430562 0.113007 0.044533 86.944389 -52.890175 1
1 1 10000000.000000 1 0 150000000.000000 0.036303 0.162528 1.000000 4304180.000000 29.519071 0.113850 0.038834 58.919998 -52.890175 1
1 1 10000000.000000 1 0 10000000.000000 0.001366 0.002947 0.999444 10827440.000000 2.123952 0.016612 0.012976 4.104036 -52.890175 1
1 1 10000000.000000 1 0 10000000.000000 0.001366 0.002947 0.999444 10827440.000000 2.123952 0.016612 0.012976 4.104036 -52.890175 1
1 1 10000000.000000 1 0 100000000.000000 0.004001 0.013882 1.000000 7024960.000000 10.156148 0.114156 0.027500 17.647949 -52.890175 1
1 1 10000000.000000 1 0 100000000.000000 0.004001 0.013882 1.000000 7024960.000000 10.156148 0.114156 0.027500 17.647949 -52.890175 1
1 1 30000000.000000 1 0 20000000.000000 0.001664 0.003529 1.000000 14916440.000000 2.476390 0.038557 0.014400 5.687986 -52.890175 1
1 1 100000000.000000 1 0 20000000.000000 0.001876 0.004215 1.000000 23699380.000000 3.134765 0.038692 0.013386 13.732125 -52.890175 1
1 1 50000000.000000 1 0 20000000.000000 0.001620 0.003366 1.000000 14271480.000000 2.436648 0.037675 0.013060 5.777890 -52.890175 1
1 1 50000000.000000 1 0 20000000.000000 0.001620 0.003366 1.000000 14271480.000000 2.436648 0.037675 0.013060 5.777890 -52.890175 1
1 1 50000000.000000 1 0 20000000.000000 0.001620 0.003366 1.000000 14271480.000000 2.436648 0.037675 0.013060 5.777890 -52.890175 1
1 1 50000000.000000 1 0 20000000.000000 0.001620 0.003366 1.000000 14271480.000000 2.436648 0.037675 0.013060 5.777890 -52.890175 1
1 1 100000000.000000 1 0 100000000.000000 0.004730 0.016159 1.000000 25510140.000000 12.485595 0.114195 0.029944 31.377377 -52.890175 1
1 1 50000000.000000 1 0 20000000.000000 0.001620 0.003366 1.000000 14271480.000000 2.436648 0.037675 0.013060 5.777890 -52.890175 1
1 1 50000000.000000 1 0 20000000.000000 0.001620 0.003366 1.000000 14271480.000000 2.436648 0.037675 0.013060 5.777890 -52.890175 1
1 1 50000000.000000 1 0 20000000.000000 0.001620 0.003366 1.000000 14271480.000000 2.436648 0.037675 0.013060 5.777890 -52.890175 1
1 1 50000000.000000 1 0 20000000.000000 0.001620 0.003366 1.000000 14271480.000000 2.436648 0.037675 0.013060 5.777890 -52.890175 1
1 1 50000000.000000 1 0 0.000000 0.001280 0.002958 1.000000 12836850.000000 6.108542 0.002263 0.016267 10.232464 -52.890175 1
1 1 50000000.000000 1 0 0.000000 0.001460 0.003024 1.000000 16419800.000000 7.055331 0.002542 0.018398 11.169922 -52.890175 1
1 1 60000000.000000 1 0 0.000000 0.001478 0.003305 1.000000 17510780.000000 7.492335 0.002552 0.018128 13.459938 -52.890175 1
1 1 60000000.000000 1 0 500000.000000 0.001488 0.003315 1.000000 18551590.000000 6.798339 0.003130 0.015255 14.506213 -52.890175 1
1 1 60000000.000000 1 0 1000000.000000 0.001750 0.003354 1.000000 24357390.000000 7.142163 0.004145 0.018428 14.943348 -52.890175 1
1 1 60000000.000000 1 0 1000000.000000 0.001289 0.003120 0.999721 13710040.000000 4.817040 0.003490 0.013654 11.498402 -52.890175 1
1 1 60000000.000000 1 0 1000000.000000 0.001640 0.003273 1.000000 20357072.000000 6.179329 0.004001 0.018180 12.096201 -52.890175 1
1 1 60000000.000000 1 0 1000000.000000 0.001668 0.003275 1.000000 20884850.909091 6.278426 0.004046 0.019097 12.055161 -52.890175 1
1 1 60000000.000000 1 0 10000000.000000 0.002521 0.004728 0.999899 52453723.636364 6.171168 0.019494 0.015328 31.802474 -52.890175 1
1 1 60000000.000000 1 0 100000000.000000 0.005610 0.018119 1.000000 45984825.454545 15.611314 0.113946 0.031788 48.710726 -52.890175 1
1 1 60000000.000000 1 0 200000000.000000 3.760961 10.405600 0.970137 5152087.272727 112.492338 0.109788 0.067129 894.077911 -52.890175 1
1 1 60000000.000000 1 0 200000000.000000 3.760961 10.405600 0.970137 5152087.272727 112.492338 0.109788 0.067129 894.077911 -52.890175 1
1 1 60000000.000000 1 0 20000000.000000 0.002185 0.003808 1.000000 32228280.000000 3.750567 0.039838 0.012619 13.793311 -52.890175 1
1 1 60000000.000000 1 0 20000000.000000 0.002185 0.003808 1.000000 32228280.000000 3.750567 0.039838 0.012619 13.793311 -52.890175 1
1 1 60000000.000000 1 0 20000000.000000 0.002185 0.003808 1.000000 32228280.000000 3.750567 0.039838 0.012619 13.793311 -52.890175 1
1 1 60000000.000000 1 0 20000000.000000 0.002146 0.003575 0.998860 33140040.000000 3.831196 0.042079 0.014521 13.148181 -52.890175 1
1 1 60000000.000000 1 0 20000000.000000 0.002146 0.003575 0.998860 33140040.000000 3.831196 0.042079 0.014521 13.148181 -52.890175 1
1 1 60000000.000000 1 0 20000000.000000 0.003143 0.004959 1.000000 53824000.000000 5.286765 0.049630 0.028369 23.692668 -52.890175 1
1 1 60000000.000000 1 0 20000000.000000 0.003143 0.004959 1.000000 53824000.000000 5.286765 0.049630 0.028369 23.692668 -52.890175 1
1 1 60000000.000000 1 0 20000000.000000 0.003143 0.004959 1.000000 53824000.000000 5.286765 0.049630 0.028369 23.692668 -52.890175 1
1 1 60000000.000000 1 0 20000000.000000 0.003143 0.004959 1.000000 53824000.000000 5.286765 0.049630 0.028369 23.692668 -52.890175 1
1 1 60000000.000000 1 0 20000000.000000 0.003143 0.004959 1.000000 53824000.000000 5.286765 0.049630 0.028369 23.692668 -52.890175 1
1 1 60000000.000000 1 0 20000000.000000 0.003143 0.004959 1.000000 53824000.000000 5.286765 0.049630 0.028369 23.692668 -52.890175 1
1 1 60000000.000000 1 0 20000000.000000 0.003143 0.004959 1.000000 53824000.000000 5.286765 0.049630 0.028369 23.692668 -52.890175 1
1 1 60000000.000000 1 0 20000000.000000 0.003143 0.004959 1.000000 53824000.000000 5.286765 0.049630 0.028369 23.692668 -52.890175 1
1 1 60000000.000000 1 0 20000000.000000 0.003143 0.004959 1.000000 53824000.000000 5.286765 0.049630 0.028369 23.692668 -52.890175 1
1 1 60000000.000000 1 0 20000000.000000 0.003143 0.004959 1.000000 53824000.000000 5.286765 0.049630 0.028369 23.692668 -52.890175 1
1 1 60000000.000000 1 0 20000000.000000 0.003143 0.004959 1.000000 53824000.000000 5.286765 0.049630 0.028369 23.692668 -52.890175 1
1 1 60000000.000000 1 0 20000000.000000 0.001975 0.003833 1.000000 25472208.000000 3.262786 0.038700 0.014063 11.388729 -52.890175 1
1 1 80000000.000000 1 0 20000000.000000 0.001759 0.003860 1.000000 19094760.000000 2.798358 0.038189 0.013630 10.358664 -52.890175 1
1 1 100000000.000000 1 0 20000000.000000 0.001895 0.004149 1.000000 23502992.000000 3.120249 0.038596 0.013541 12.609463 -52.890175 1
1 1 100000000.000000 1 0 20000000.000000 0.001895 0.004149 1.000000 23502992.000000 3.120249 0.038596 0.013541 12.609463 -52.890175 1
1 1 100000000.000000 1 0 20000000.000000 0.001895 0.004149 1.000000 23502992.000000 3.120249 0.038596 0.013541 12.609463 -52.890175 1
1 1 100000000.000000 1 0 20000000.000000 0.001895 0.004149 1.000000 23502992.000000 3.120249 0.038596 0.013541 12.609463 -52.890175 1
1 1 100000000.000000 1 0 20000000.000000 0.001895 0.004149 1.000000 23502992.000000 3.120249 0.038596 0.013541 12.609463 -52.890175 1
1 1 100000000.000000 1 0 20000000.000000 0.001895 0.004149 1.000000 23502992.000000 3.120249 0.038596 0.013541 12.609463 -52.890175 1
1 1 100000000.000000 1 0 20000000.000000 0.001897 0.004147 0.999782 23451333.333333 3.116962 0.038576 0.013571 12.509133 -52.890175 1
1 1 100000000.000000 1 0 20000000.000000 0.002478 0.004431 1.000000 44494870.588235 4.683219 0.040527 0.014012 21.364891 -52.890175 1
1 1 100000000.000000 1 0 20000000.000000 0.002478 0.004431 1.000000 44494870.588235 4.683219 0.040527 0.014012 21.364891 -52.890175 1
1 1 100000000.000000 1 0 20000000.000000 0.002478 0.004431 1.000000 44494870.588235 4.683219 0.040527 0.014012 21.364891 -52.890175 1
1 1 100000000.000000 1 0 20000000.000000 0.002478 0.004431 1.000000 44494870.588235 4.683219 0.040527 0.014012 21.364891 -52.890175 1
1 1 500000000.000000 1 0 20000000.000000 0.003104 0.011632 1.000000 82995796.000000 7.925205 0.041731 0.015885 85.385766 -52.890175 1
1 1 500000000.000000 1 0 20000000.000000 0.003104 0.011632 1.000000 82995796.000000 7.925205 0.041731 0.015885 85.385766 -52.890175 1
1 1 500000000.000000 1 0 20000000.000000 0.002501 0.010135 1.000000 50211528.000000 5.170215 0.040351 0.014950 52.421550 -52.890175 1
1 1 500000000.000000 1 0 20000000.000000 0.002457 0.010135 1.000000 48700164.000000 5.052681 0.040107 0.014417 52.577893 -52.890175 1
1 1 500000000.000000 1 0 20000000.000000 0.002436 0.010135 1.000000 47360364.000000 4.954598 0.039961 0.014765 52.822241 -52.890175 1
1 1 500000000.000000 1 0 20000000.000000 0.002436 0.010135 1.000000 47360364.000000 4.954598 0.039961 0.014765 52.822241 -52.890175 1
1 1 500000000.000000 1 0 20000000.000000 0.002403 0.010465 1.000000 54820440.000000 5.626959 0.039357 0.014812 79.476105 -52.890175 1
1 1 100000000.000000 1 0 10000000.000000 0.002114 0.004138 1.000000 35612928.000000 4.533167 0.018381 0.014092 19.817438 -52.890175 1
1 1 100000000.000000 1 0 10000000.000000 0.002114 0.004138 1.000000 35612928.000000 4.533167 0.018381 0.014092 19.817438 -52.890175 1
1 1 100000000.000000 1 0 10000000.000000 0.002203 0.004166 1.000000 53705293.333333 6.277601 0.019620 0.015543 29.975963 -52.890175 1
1 1 10000000.000000 1 0 150000000.000000 0.037519 0.161589 1.000000 10434200.000000 31.642710 0.112748 0.043368 80.343296 -52.890175 1
