-62.428449 1.810923 
-49.607169 0.685068 
-49.607169 0.685068 
-49.607169 0.001005 
-49.607169 0.001005 
-49.607169 0.001167 
-49.607169 0.000913 
-62.428449 0.001137 
-62.428449 0.000856 
-62.428449 0.000862 
-62.428449 0.000862 
-62.428449 0.000862 
-62.428449 0.000862 
-62.428449 0.011332 
-62.428449 0.001025 
-62.428449 0.001687 
-62.428449 0.001670 
-62.428449 0.001670 
-62.428449 0.001670 0.004522
-62.428449 0.001453 0.002514
-62.428449 0.000951 0.003368
-62.428449 0.001428 0.004103
-62.428449 0.009325 0.032044
-62.428449 0.009325 0.032044
-62.428449 0.001233 0.002142
-62.428449 0.000981 0.002806
-62.428449 0.001520 0.003744
-62.428449 0.009983 0.031516
-62.428449 0.009983 0.031516 0.351400
-62.428449 0.001520 0.003744 0.000000
-62.428449 0.010195 0.033790 0.356181
-62.428449 0.000994 0.002803 0.000000
-62.428449 0.000994 0.002803 0.000000
-62.428449 0.001002 0.002889 0.000000
-62.428449 0.001347 0.002159 0.000000
-62.428449 0.001347 0.002159 0.000000
-62.428449 0.001347 0.002159 0.000000
-62.428449 0.001347 0.002159 0.000000
-62.428449 0.001347 0.002159 0.000000
-62.428449 0.001347 0.002159 0.000000
-62.428449 0.001347 0.002159 0.000000
-62.428449 0.001347 0.002159 0.000000
0.000000 -nan -nan -nan
-62.428449 0.001423 0.002157 0.000000
-62.428449 0.001291 0.002136 0.000000
-62.428449 0.001167 0.001872 0.000000
-62.428449 0.001167 0.001872 0.000000
-62.428449 0.001167 0.001872 0.000000
0.000000 0.007971 -nan 0.000000
0.000000 0.007971 -nan 0.000000
0.000000 0.007971 -nan 0.000000
0.000000 0.007971 -nan 0.000000
0.000000 0.007971 -nan 0.000000
0.000000 -nan -nan -nan
0.000000 0.007971 -nan 0.000000
0.000000 0.007971 -nan 0.000000
0.000000 0.007971 -nan 0.000000
-62.428449 0.132242 0.192389 0.764158
0.000000 0.007971 -nan 0.000000
-62.428449 0.001167 0.001882 0.000000
-62.428449 0.001167 0.001882 0.000000
-62.428449 0.001597 0.004900 0.000000
-62.428449 0.010344 0.034708 0.364286
-62.428449 0.368747 0.005285 0.894489
-62.428449 0.001001 0.002898 0.000000
-62.428449 0.008982 0.024411 0.237577
-62.428449 0.003111 0.058812 0.653601
-62.428449 0.003049 0.042495 0.434489
-62.428449 0.001347 0.002158 0.000000
-62.428449 0.001340 0.002171 0.000000
-62.428449 0.001532 0.002443 0.000000
0.000000 0.000000 -nan 0.966533
-62.428449 0.001701 0.003173 0.000000
-62.428449 0.001056 0.001972 0.000000
-62.428449 0.001056 0.001972 0.000000
-62.428449 0.001439 0.002229 0.000000
-62.428449 0.001439 0.002229 0.000000
-62.428449 0.001505 0.002350 0.000000
-62.428449 0.001756 0.003041 0.000000
-62.428449 0.001145 0.002062 0.000000
-62.428449 0.001772 0.002999 0.000000
-62.428449 0.001916 0.006334 0.000000
-62.428449 0.001916 0.006334 0.000000
-62.428449 0.001916 0.006334 0.000000
-62.428449 0.001772 0.002999 0.000000
-62.428449 0.001757 0.002940 0.000000
-62.428449 0.001137 0.002026 0.000000
-62.428449 0.001479 0.002314 0.000000
-62.428449 0.001479 0.002314 0.000000
-62.428449 0.001534 0.003542 0.000000
-62.428449 0.002354 0.004543 0.000000
-62.428449 0.002355 0.004544 0.000000
-62.428449 0.002386 0.003433 0.000000
-62.428449 0.002386 0.003433 0.000000
-62.428449 0.002386 0.003433 0.000000
-62.428449 0.002386 0.003433 0.000000
-62.428449 0.088419 2.786792 0.750091
-62.428449 0.299158 0.615477 0.780030
-62.428449 0.287697 0.540812 0.768735
-62.428449 0.003183 0.004521 0.000000
-62.428449 0.131947 0.105559 0.520062
-62.428449 0.003217 0.004631 0.000000
-62.428449 0.025197 0.020017 0.154708
-62.428449 0.003153 0.004173 0.000000
-62.428449 0.000698 0.001916 0.000000
-62.428449 0.001090 0.005073 0.000000
-62.428449 0.000865 0.001809 0.000000
-62.428449 0.001052 0.002105 0.000000
-62.428449 0.001052 0.002105 0.000000
-62.428449 0.000463 0.097571 0.000000
-62.428449 0.000783 0.002776 0.000000
-62.428449 0.000730 0.002691 0.000000
-62.428449 0.000800 0.007780 0.000000
-62.428449 0.000812 0.003543 0.000000
-62.428449 0.000769 0.002483 0.000000
-62.428449 0.000764 0.002448 0.000000
-62.428449 0.000764 0.002448 0.000000
-62.428449 0.000764 0.002448 0.000000
-62.428449 0.000764 0.002448 0.000000
-62.428449 0.000764 0.002448 0.000000
-62.428449 0.000926 0.003153 0.000000
-62.428449 0.000926 0.003153 0.000000
-62.428449 0.000926 0.003153 0.000000
-62.428449 0.001101 0.005402 0.000000
-62.428449 0.001101 0.005402 0.000000
-62.428449 0.002702 0.014164 0.000571
-62.428449 0.000744 4.999963 0.000000
-62.428449 0.000698 4.999314 0.000000
-62.428449 0.000730 5.000497 0.000000
-62.428449 0.000736 5.000161 0.000000
-62.428449 0.000735 5.000143 0.000000
-62.428449 0.000771 5.000531 0.000000
-62.428449 0.000768 5.000534 0.000000
-62.428449 0.000768 5.000534 0.000000
-62.428449 0.000818 5.000663 0.000000
-62.428449 0.000857 5.000750 0.000000
-62.428449 0.000747 5.000377 0.000000
-62.428449 0.000839 5.000619 0.000000
-62.428449 0.000899 5.000601 0.000000
-62.428449 0.000899 5.000601 0.000000
-62.428449 0.000899 5.000601 0.000000
-62.428449 0.000819 5.000613 0.000000
-62.428449 0.000732 5.000149 0.000000
-62.428449 0.000816 5.000611 0.000000
-62.428449 0.000820 5.000604 0.000000
-62.428449 0.017026 2.500438 0.161853
-62.428449 0.004797 2.500102 0.000000
-62.428449 0.004198 2.500262 0.000000
-62.428449 0.004319 2.500313 0.000000
-62.428449 0.005278 2.500381 0.000000
-62.428449 0.015877 2.500408 0.068400
-62.428449 0.000805 2.500222 0.000000
-62.428449 0.001500 2.500751 0.000000
-62.428449 0.001443 2.499862 0.000000
-62.428449 0.001451 2.499861 0.000000
-62.428449 0.001451 2.499861 0.000000
-62.428449 0.001725 2.499923 0.000000
-62.428449 0.001722 9.999917 0.000000
-62.428449 0.001725 49.999914 0.000000
-62.428449 0.001725 49.999914 0.000000
-62.428449 0.001512 50.000277 0.000000
-62.428449 0.001433 50.000498 0.000000
-62.428449 0.001973 50.000733 0.000000
-62.428449 0.002567 50.000248 0.000000
-62.428449 0.002131 50.000545 0.000000
-62.428449 0.002131 50.000545 0.000000
-62.428449 0.009897 50.002926 0.008976
-62.428449 0.003733 50.001552 0.000000
-62.428449 0.003597 50.001421 0.000000
-62.428449 0.001380 50.000413 0.000000
-62.428449 0.001380 50.000413 0.000000
-62.428449 0.001380 50.000413 0.000000
-62.428449 0.001380 50.000413 0.000000
-62.428449 0.001380 50.000413 0.000000
-62.428449 0.002131 50.000545 0.000000
-62.428449 0.002131 50.000545 0.000000
-80.428449 0.026832 50.013491 0.503333
-80.428449 0.026832 50.013491 0.503333
-80.428449 0.026832 50.013491 0.503333
-52.890175 0.001430 50.000432 0.000000
-52.890175 0.001430 50.000432 0.000000
-67.607169 0.002867 50.000923 0.000000
-76.891104 0.005044 49.998880 0.000000
-83.600463 0.034227 50.065549 0.949694
-67.607169 0.002867 50.000923 0.000000
-67.607169 0.002867 50.000923 0.000000
-67.607169 0.002153 49.999265 0.000000
-67.607169 0.002153 49.999265 0.000000
-67.607169 0.005189 50.000485 0.150190
-67.607169 0.002882 50.001715 0.000100
-67.607169 0.002836 50.000781 0.000000
-67.607169 0.006516 50.001746 0.203566
-70.374339 0.011033 49.999378 0.416303
-67.607169 0.001891 50.000446 0.000000
-67.607169 0.001863 50.000349 0.000000
-67.607169 0.002972 49.998747 0.000000
-67.607169 0.008581 50.000827 0.126339
-70.374339 0.011033 49.999378 0.416303
-70.374339 0.011039 50.005087 0.450006
-70.374339 0.010360 50.003140 0.438548
-67.607169 0.010245 50.000018 0.392514
-67.607169 0.011233 50.004174 0.456686
-70.374339 0.011039 50.005087 0.450006
-70.374339 0.011296 50.003686 0.414230
-70.374339 0.011324 50.012511 0.541875
-70.374339 0.011324 50.012511 0.541875
-70.374339 0.011039 50.005087 0.450006
-67.607169 0.009569 50.005478 0.462017
-67.607169 0.007074 50.001463 0.170712
-67.607169 0.007074 50.001463 0.170712
-67.607169 0.007074 50.001463 0.170712
-67.607169 0.009569 50.005478 0.462017
-67.607169 0.007094 50.004340 0.133155
-70.374339 0.012084 50.009403 0.613600
-70.374339 0.018487 50.007197 0.800964
-70.374339 0.011952 50.002985 0.019793
-70.374339 0.012845 50.002685 0.013786
-67.607169 0.013094 50.004907 0.032312
-70.374339 0.016811 50.005307 0.000063
-70.374339 0.011231 50.001722 0.000000
-67.607169 0.002286 49.999943 0.000000
-67.607169 0.002286 49.999943 0.000000
-67.607169 0.000856 50.000205 0.000000
-67.607169 0.002286 49.999946 0.000000
-67.607169 0.002284 49.999945 0.000000
-70.374339 0.004843 49.999006 0.000000
-67.607169 0.009820 50.004476 0.000000
-70.374339 0.041465 50.006582 0.130739
-70.374339 0.039283 50.011805 0.129267
-70.374339 0.023819 50.005378 0.000000
-70.374339 0.019909 50.009393 0.000000
-70.374339 0.019889 50.009473 0.000000
-70.374339 0.020183 50.005211 0.000000
-70.374339 0.020183 50.005211 0.000000
-70.374339 0.020183 50.005211 0.000000
-70.374339 0.044064 25.019706 0.187674
-70.374339 0.044064 25.019706 0.187674
-70.374339 0.044064 25.019706 0.187674
-67.607169 0.052169 25.027063 0.121313
-70.374339 0.012043 25.005311 0.000000
-70.374339 0.019918 25.002027 0.000000
-67.607169 0.020793 25.007931 0.000467
-70.374339 0.020411 25.009983 0.000000
-70.374339 0.029527 25.005045 0.002146
-70.374339 0.014308 25.002875 0.000000
-70.374339 0.010333 25.002185 0.000000
-70.374339 0.010333 25.002185 0.000000
-70.374339 0.008688 25.001559 0.000000
-70.374339 0.010573 25.002218 0.000000
-70.374339 0.044918 25.022455 0.304835
-70.374339 0.044496 25.027105 0.237453
-70.374339 0.043697 25.024279 0.169452
-70.374339 0.039680 25.017317 0.056785
-70.374339 0.042714 25.019481 0.089658
-67.607169 0.043616 25.018117 0.116667
-70.374339 0.030614 25.019380 0.003412
-70.374339 0.036750 25.008744 0.013879
-70.374339 0.039999 24.871054 0.030052
-70.374339 0.020963 25.063718 0.000028
-70.374339 0.007913 25.004297 0.000000
-67.607169 0.001587 25.000537 0.000000
-67.607169 0.001587 25.000537 0.000000
-67.607169 0.002395 25.000679 0.000000
-67.607169 0.002395 25.000679 0.000000
-67.607169 0.002395 25.000679 0.000000
-67.607169 0.002599 24.999321 0.000000
-67.607169 0.002599 24.999321 0.000000
-67.607169 0.001409 25.000477 0.000000
-67.607169 0.001205 25.000425 0.000000
-67.607169 0.001188 1.000388 0.000000
-67.607169 0.001188 1.000388 0.000000
-67.607169 0.001188 1.000388 0.000000
-67.607169 0.001214 1.000386 0.000000
-70.374339 0.001474 0.999463 0.000000
-70.374339 0.002702 0.997513 0.000000
-70.374339 0.002702 0.997513 0.000000
-70.374339 0.002702 0.997513 0.000000
-70.374339 0.002702 0.997513 0.000000
-70.374339 0.002702 0.997513 0.000000
-70.374339 0.002702 0.997513 0.000000
-70.374339 0.002702 0.997513 0.000000
-67.607169 0.001214 1.000386 0.000000
-67.607169 0.001279 1.500422 0.000000
-67.607169 0.001385 2.500457 0.000000
-67.607169 0.002397 25.000904 0.000000
-70.374339 0.007197 1.002453 0.000000
-70.374339 0.007197 1.002453 0.000000
-67.607169 0.010210 5.003797 0.000000
-67.607169 0.010210 5.003797 0.000000
-67.607169 0.010210 5.003797 0.000000
-70.374339 0.026091 1.995926 0.162281
-67.607169 0.002442 2.000932 0.000000
-67.607169 0.002456 1.999760 0.000000
-67.607169 0.004978 1.998342 0.000000
-67.607169 0.002907 1.999889 0.000000
-70.374339 0.008513 2.005891 0.000000
-70.374339 0.024084 2.001553 0.067938
-67.607169 0.030098 2.012103 0.233576
-67.607169 0.030098 2.012103 0.233576
-70.374339 0.032690 2.008604 0.149381
-70.374339 0.018002 2.009005 0.054682
-67.607169 0.002456 1.999760 0.000000
-70.374339 0.008635 2.000850 0.000000
-67.607169 0.002907 1.999889 0.000000
-70.374339 0.008469 2.000899 0.000000
-67.607169 0.006722 1.998908 0.000000
-70.374339 0.004999 2.000334 0.000000
-67.607169 0.015404 2.005849 0.006396
-70.374339 0.017012 2.005941 0.011903
-70.374339 0.011141 1.997064 0.000000
-67.607169 0.010814 1.999844 0.000000
-70.374339 0.010786 1.999720 0.000000
-70.374339 0.012702 2.002941 0.000000
-70.374339 0.038702 2.002430 0.129082
-67.607169 0.039894 2.006366 0.180262
-70.374339 0.039175 2.006169 0.148707
-70.374339 0.008256 2.001488 0.000000
-67.607169 0.006911 2.000842 0.000000
-70.374339 0.006582 25.001285 0.000000
-67.607169 0.012135 25.001857 0.000000
-67.607169 0.013172 25.004864 0.000000
-67.607169 0.011030 25.004557 0.000000
-70.374339 0.014190 25.006397 0.000000
-70.374339 0.014664 25.009813 0.000000
-70.374339 0.014735 25.005573 0.000000
-70.374339 0.011376 25.001844 0.000000
-70.374339 0.011670 25.004274 0.000000
-70.374339 0.010863 25.002520 0.000000
-70.374339 0.010820 25.000111 0.000000
-70.374339 0.004428 24.994684 0.000000
-70.374339 0.001956 24.998968 0.000000
-70.374339 0.012172 25.000436 0.000000
-70.374339 0.012139 25.003599 0.000000
-70.374339 0.007148 25.003002 0.000000
-67.607169 0.002550 25.000073 0.000000
-67.607169 0.002555 24.999818 0.000000
-70.374339 0.008994 25.002510 0.000000
-67.607169 0.008647 24.995319 0.000000
-67.607169 0.007935 25.002380 0.000000
-67.607169 0.009280 25.001181 0.000000
-70.374339 0.010945 25.002018 0.000000
-70.374339 0.013509 25.001794 0.000000
-70.374339 0.021503 25.009709 0.006134
-67.607169 0.006384 25.002689 0.000000
-67.607169 0.005292 25.001240 0.000000
-67.607169 0.009170 25.003732 0.000000
-70.374339 0.014873 25.005028 0.000000
-70.374339 0.015003 25.004503 0.000713
-70.374339 0.015215 24.957919 0.000000
-67.607169 0.003793 0.001897 0.000000
-67.607169 0.015825 0.009376 0.000069
-67.607169 0.007757 0.003552 0.000000
-70.374339 0.019083 0.011063 0.000975
-70.374339 0.023494 0.012502 0.000139
-70.374339 0.016674 0.009651 0.000000
-70.374339 0.016674 0.009651 0.000000
-70.374339 0.050112 0.030213 0.052824
-70.374339 0.050112 0.030213 0.052824
-67.607169 0.047342 0.024504 0.050886
-70.374339 0.057127 0.041393 0.125172
-70.374339 0.015565 0.008088 0.000000
-70.374339 0.015837 0.008696 0.001459
-67.607169 0.016064 0.009148 0.000000
-67.607169 0.015262 0.008608 0.000000
-70.374339 0.015534 0.008931 0.000061
-70.374339 0.014754 0.008154 0.000000
-70.374339 0.015058 0.008203 0.000123
-67.607169 0.015297 0.008118 0.000000
-67.607169 0.015262 0.008608 0.000000
-70.374339 0.021912 0.011062 0.002909
-70.374339 0.048989 0.029407 0.052145
-70.374339 0.089644 0.030129 0.459848
-70.374339 0.089644 0.030129 0.459848
-70.374339 0.089644 0.030129 0.459848
-70.374339 0.006615 0.002712 0.000000
-70.374339 0.009110 0.005744 0.004758
-70.374339 0.039752 0.022100 0.102701
-67.607169 0.039853 0.018193 0.120765
-67.607169 0.041021 0.022096 0.105565
-70.374339 0.023551 0.014941 0.018078
-67.607169 0.041021 0.022096 0.105565
-70.374339 0.023551 0.014941 0.018078
-70.374339 0.023022 0.014115 0.018726
-67.607169 0.040800 0.016614 0.184090
-67.607169 0.040800 0.016614 0.184090
-70.374339 0.040262 0.023105 0.102465
-67.607169 0.040800 0.016614 0.184090
-67.607169 0.040800 0.016614 0.184090
-70.374339 0.015837 0.008696 0.001459
-70.374339 0.040262 0.023105 0.102465
-70.374339 0.015837 0.008696 0.001459
-70.374339 0.011233 0.006195 0.000000
-70.374339 0.040678 0.017568 0.138563
-70.374339 0.040678 0.017568 0.138563
-70.374339 0.011840 0.006258 0.000000
-70.374339 0.009189 0.005406 0.000000
-70.374339 0.040337 0.030276 0.137340
-70.374339 0.058451 0.012006 0.660483
-70.374339 0.029798 0.017163 0.006780
-70.374339 0.033859 0.016724 0.035599
-70.374339 0.051014 0.011473 0.591849
-67.607169 0.003706 0.002075 0.000000
-67.607169 0.002623 0.000118 0.000000
-67.607169 0.003706 0.002075 0.000000
-67.607169 0.002623 0.000118 0.000000
-67.607169 0.002623 0.000118 0.000000
-67.607169 0.003706 0.002075 0.000000
-67.607169 0.002623 0.000118 0.000000
-67.607169 0.003706 0.002075 0.000000
-67.607169 0.003706 0.002075 0.000000
-67.607169 0.005654 0.003427 0.000000
-67.607169 0.003706 0.002075 0.000000
-67.607169 0.003706 0.002075 0.000000
-67.607169 0.005654 0.003427 0.000000
-67.607169 0.009060 0.003964 0.000000
-70.374339 0.042366 0.018884 0.272814
-70.374339 0.022811 0.011122 0.025284
-70.374339 0.025924 0.013558 0.018780
-70.374339 0.022811 0.011122 0.025284
-70.374339 0.023638 0.012376 0.023309
-67.607169 0.024690 0.012938 0.012375
-70.374339 0.023933 0.011272 0.020893
-70.374339 0.022182 0.011004 0.023280
-70.374339 0.013587 0.007878 0.000000
-70.374339 0.043130 0.019524 0.335758
-70.374339 0.013190 0.007088 0.000000
-70.374339 0.012605 0.006082 0.000000
-70.374339 0.035509 0.025829 0.007395
-70.374339 0.018402 0.012219 0.000000
-70.374339 0.050014 0.030190 0.065014
-70.374339 0.052488 0.026801 0.400735
-67.607169 0.001399 0.000668 0.000000
-67.607169 0.002765 0.001458 0.000000
-70.374339 0.029928 0.018819 0.000000
-70.374339 0.163779 0.031749 0.721213
-67.607169 0.013415 0.008073 0.000000
-67.607169 0.001595 0.001350 0.000000
-67.607169 0.002202 0.001723 0.000000
-67.607169 0.002202 0.001723 0.000000
-70.374339 0.012975 0.007921 0.000000
-70.374339 0.013213 0.008496 0.003080
-67.607169 0.014285 0.010812 0.056652
-67.607169 0.012655 0.008162 0.006226
-70.374339 0.016033 0.011368 0.012639
-67.607169 0.036155 0.021352 0.022801
-70.374339 0.043388 0.015654 0.471792
-67.607169 0.001639 0.000810 0.000000
-67.607169 0.002370 0.001259 0.000000
-86.520365 0.189606 0.249426 0.492922
-80.428449 0.006689 0.005094 0.000000
-82.051591 0.189606 0.249426 0.492922
-52.890175 0.001333 0.000748 0.000000
-67.607169 0.002370 0.001259 0.000000
